Oxazole input

Coordinates
O    0.00000000  0.00000000  0.00000000
C    1.35424578  0.00000000  0.00000000
C   -0.32657683  1.33035111  0.00000000
N    1.90694798  1.16784705  0.00000000
C    0.82121164  2.04556689  0.00000000
H    1.83672050 -0.96149538  0.00000000
H   -1.37247440  1.57285306 -0.00000000
H    0.95309326  3.11261525 -0.00000000

Dipole
1.36 0.63 0.0

Isotopologues
16 12 12 14 12 1 1 1 iso001
16 13 12 14 12 1 1 1 iso002
16 12 12 14 13 1 1 1 iso003
16 12 13 14 12 1 1 1 iso004
16 12 12 15 12 1 1 1 iso005
18 12 12 14 12 1 1 1 iso006
16 12 12 14 12 2 1 1 iso007
16 12 12 14 12 1 1 2 iso008
16 12 12 14 12 1 2 1 iso009
16 13 12 14 12 2 1 1 iso010
16 12 12 14 13 2 1 1 iso011
16 12 13 14 12 2 1 1 iso012
16 12 12 15 12 2 1 1 iso013
18 12 12 14 12 2 1 1 iso014
16 12 12 14 12 2 2 1 iso015
16 13 12 14 12 2 2 1 iso016
16 12 12 14 13 2 2 1 iso017
16 12 13 14 12 2 2 1 iso018
16 12 12 15 12 2 2 1 iso019
18 12 12 14 12 2 2 1 iso020
16 12 12 14 12 2 1 2 iso021
16 12 12 14 12 1 2 2 iso022
16 12 12 14 12 2 2 2 iso023
16 13 12 14 12 1 2 1 iso024
16 12 12 14 13 1 2 1 iso025
16 12 13 14 12 1 2 1 iso026
16 12 12 15 12 1 2 1 iso027
18 12 12 14 12 1 2 1 iso028
16 13 12 14 12 2 2 2 iso029
16 12 12 14 13 2 2 2 iso030
16 12 13 14 12 2 2 2 iso031
16 12 12 15 12 2 2 2 iso032
18 12 12 14 12 2 2 2 iso033

